Pval	Waves	Gene	Rho	BootP	PermP	BootP_All
1	0.00818206461633403	Perc_recall	ABCG1	-0.635294117647059	0.01	0	0
2	0.00186274109994744	Perc_recall	ABHD12	-0.714705882352941	0	0	0.02
3	0.0226632048441846	Perc_recall	ABHD6	-0.564705882352941	0.02	0.04	0.02
4	0.0117884050531152	Perc_recall	ABTB2	-0.611764705882353	0.04	0.01	0.03
5	0.00471198194799	Perc_recall	ACACB	-0.667647058823529	0.01	0	0
6	0.0194151403865316	Perc_recall	ACAT2	0.576470588235294	0.03	0.02	0.01
7	0.006102046679077	Perc_recall	ACOT9	-0.652941176470588	0	0	0.01
8	0.00253509460443193	Perc_recall	ACTR8	0.7	0	0.01	0
9	0.0293363374813766	Perc_recall	ADAD2	0.544117647058823	0.04	0.01	0.04
10	0.0201910380465231	Perc_recall	ADAM9	0.573529411764706	0.02	0	0.02
11	0.0179327341310354	Perc_recall	ADAMTS16	0.582352941176471	0.01	0.03	0.03
12	0.00496738593748203	Perc_recall	ADSSL1	-0.664705882352941	0.01	0	0.02
13	0.00224590060105133	Perc_recall	AIF1	0.705882352941176	0	0	0.01
14	0.0253621763206081	Perc_recall	AKAP6	-0.555882352941176	0.02	0.02	0.03
15	0.0201910380465231	Perc_recall	AMPD3	-0.573529411764706	0.02	0	0.01
16	0.0226632048441846	Perc_recall	ANOS1	0.564705882352941	0.03	0.01	0.04
17	0.00743441908253395	Perc_recall	ANP32B	-0.641176470588235	0.02	0.01	0.02
18	0.00224590060105133	Perc_recall	AP3M1	0.705882352941176	0.02	0	0.01
19	0.0194151403865316	Perc_recall	ARHGAP12	0.576470588235294	0.02	0.03	0.03
20	0.0026905894025606	Perc_recall	ARHGDIB	0.697058823529412	0	0.01	0.01
21	0.00898808926444689	Perc_recall	ATF2	0.629411764705882	0	0.01	0
22	0.000109363080819865	Perc_recall	ATOH8	-0.817647058823529	0	0	0
23	0.00125495816615226	Perc_recall	ATP5L	0.732352941176471	0	0	0.01
24	0.0140071223296	Perc_recall	B2M	0.6	0.02	0.02	0.03
25	0.0272939727097306	Perc_recall	BBS12	0.55	0.04	0.02	0.01
26	0.0304002188881703	Perc_recall	BCAR3	-0.541176470588235	0.02	0.04	0.01
27	0.0337686229602348	Perc_recall	BCL2L13	-0.532352941176471	0.04	0.04	0.03
28	0.0128602985333672	Perc_recall	BEND4	0.605882352941176	0	0.01	0.01
29	0.0058007369622315	Perc_recall	BHLHE41	0.655882352941176	0.01	0.01	0
30	0.0314932282058384	Perc_recall	BLNK	0.538235294117647	0.01	0.04	0.04
31	0.0158755795556414	Perc_recall	BMP8A	-0.591176470588235	0.02	0.02	0.02
32	0.0186625294177119	Perc_recall	C14orf119	0.579411764705882	0.03	0	0.02
33	0.0272939727097307	Perc_recall	C15orf52	-0.55	0.03	0.02	0.01
34	0.0107879846019488	Perc_recall	C15orf57	-0.617647058823529	0.01	0	0
35	0.0064157065211753	Perc_recall	C1orf145	0.65	0	0	0.01
36	0.00857758410309935	Perc_recall	C1QB	0.632352941176471	0.02	0.01	0.01
37	0.014609731954981	Perc_recall	C2orf82	0.597058823529412	0.01	0.01	0.03
38	0.0117884050531152	Perc_recall	C5orf30	0.611764705882353	0.03	0.03	0.01
39	0.0337686229602347	Perc_recall	C6orf141	0.532352941176471	0.04	0.03	0.02
40	0.0179327341310354	Perc_recall	C7orf61	-0.582352941176471	0.02	0	0.02
41	0.0128602985333672	Perc_recall	CALHM2	0.605882352941176	0.04	0.02	0.02
42	0.00743441908253395	Perc_recall	CCDC12	-0.641176470588235	0.01	0	0.01
43	0.00898808926444689	Perc_recall	CCDC40	-0.629411764705882	0.02	0.01	0.01
44	0.0064157065211753	Perc_recall	CCND3	-0.65	0.01	0.01	0.02
45	0.00523375330132751	Perc_recall	CCNT2	0.661764705882353	0.02	0.01	0
46	0.00134307868238367	Perc_recall	CD14	0.729411764705882	0	0	0
47	0.00941397730678366	Perc_recall	CD48	0.626470588235294	0	0	0.01
48	0.0103135155496777	Perc_recall	CDH23	-0.620588235294118	0.03	0.02	0.03
49	0.011279474063305	Perc_recall	CDK11B	-0.614705882352941	0.02	0.01	0.03
50	0.0349520067895182	Perc_recall	CERCAM	-0.529411764705882	0.04	0.04	0.03
51	0.0272939727097307	Perc_recall	CFDP1	-0.55	0.03	0.01	0.02
52	0.0134241253978914	Perc_recall	CGGBP1	0.602941176470588	0.04	0.02	0.01
53	0.00496738593748199	Perc_recall	CHI3L1	0.664705882352941	0	0.01	0.01
54	0.00818206461633403	Perc_recall	CHI3L2	0.635294117647059	0	0.01	0.04
55	0.0128602985333672	Perc_recall	CHRDL1	0.605882352941176	0.03	0.01	0
56	0.0244365114245058	Perc_recall	CLASRP	-0.558823529411765	0.02	0	0.03
57	0.00186274109994744	Perc_recall	CLDN10	0.714705882352941	0.01	0	0
58	0.025362176320608	Perc_recall	CLEC2B	0.555882352941176	0.01	0.01	0.03
59	0.00857758410309935	Perc_recall	CLEC9A	0.632352941176471	0.02	0.01	0
60	0.0253621763206081	Perc_recall	CLMP	-0.555882352941176	0.03	0.03	0.02
61	0.00523375330132754	Perc_recall	CLP1	-0.661764705882353	0.02	0.01	0
62	0.0140071223296	Perc_recall	COMMD1	-0.6	0.01	0.03	0.02
63	0.0304002188881703	Perc_recall	CPB1	-0.541176470588235	0.03	0.02	0.02
64	0.015232400876328	Perc_recall	CPEB4	0.594117647058824	0.03	0.01	0.04
65	0.0253621763206081	Perc_recall	CREB3L1	-0.555882352941176	0.02	0.03	0.01
66	0.0103135155496777	Perc_recall	CREBL2	0.620588235294118	0.02	0.03	0.01
67	0.0400017929595607	Perc_recall	CRIP3	0.517647058823529	0.03	0.03	0.04
68	0.0140071223296	Perc_recall	CRISPLD2	-0.6	0	0.01	0.04
69	0.0172252866160948	Perc_recall	CRTC3	-0.585294117647059	0.03	0.03	0.03
70	0.021814592143743	Perc_recall	CSE1L	0.567647058823529	0.04	0.04	0.04
71	0.011279474063305	Perc_recall	CTB-127M13.1	0.614705882352941	0.03	0.01	0.02
72	0.0253621763206081	Perc_recall	CTNNA1	-0.555882352941176	0.04	0.02	0.03
73	0.0186625294177119	Perc_recall	CUL4A	-0.579411764705882	0.01	0	0.02
74	0.00339156174521659	Perc_recall	CX3CR1	0.685294117647059	0.03	0.01	0
75	0.00446720869773813	Perc_recall	CXCL14	0.670588235294118	0.01	0	0.01
76	0.0179327341310354	Perc_recall	DCTN4	0.582352941176471	0.02	0.01	0.02
77	0.00580073696223151	Perc_recall	DDIT3	-0.655882352941176	0.01	0.01	0.01
78	0.000134322374774712	Perc_recall	DENND2A	-0.811764705882353	0	0	0
79	0.0058007369622315	Perc_recall	DENND4A	0.655882352941176	0.01	0	0.02
80	0.0123152031982464	Perc_recall	DEPTOR	-0.608823529411765	0.01	0.02	0
81	0.00471198194798998	Perc_recall	DGKA	0.667647058823529	0.01	0	0
82	0.0244365114245058	Perc_recall	DGKE	0.558823529411765	0.02	0.04	0.02
83	0.014609731954981	Perc_recall	DGUOK	-0.597058823529412	0.01	0.03	0.02
84	0.0226632048441846	Perc_recall	DHODH	-0.564705882352941	0.02	0.03	0.03
85	0.014609731954981	Perc_recall	DNAJC4	0.597058823529412	0.04	0	0
86	0.0272939727097307	Perc_recall	DPF3	-0.55	0.02	0.01	0.03
87	0.00285370590345691	Perc_recall	DUS2	-0.694117647058824	0	0	0.02
88	0.014609731954981	Perc_recall	DUSP14	0.597058823529412	0.03	0.02	0
89	0.0201910380465231	Perc_recall	DYNLT3	0.573529411764706	0.04	0.03	0.03
90	0.0209906963682178	Perc_recall	DYRK2	0.570588235294118	0.03	0.02	0.03
91	0.00446720869773816	Perc_recall	EFHD1	-0.670588235294118	0	0	0
92	0.0186625294177119	Perc_recall	EMC6	0.579411764705882	0.01	0.04	0.02
93	0.00898808926444689	Perc_recall	ENTPD5	-0.629411764705882	0.02	0.02	0.02
94	0.006102046679077	Perc_recall	EVA1C	-0.652941176470588	0.03	0	0.02
95	0.00985565039092204	Perc_recall	EXOC5	0.623529411764706	0.03	0.02	0.01
96	0.0244365114245058	Perc_recall	FAM129B	-0.558823529411765	0.02	0.04	0.01
97	0.0374126481301494	Perc_recall	FAM135B	0.523529411764706	0.03	0.02	0.04
98	0.0283010872421088	Perc_recall	FAM199X	0.547058823529412	0.04	0.03	0.04
99	0.0128602985333672	Perc_recall	FAM206A	0.605882352941176	0.02	0.01	0.02
100	0.041345806442249	Perc_recall	FAM21A	-0.514705882352941	0.04	0.03	0.03
101	0.0201910380465231	Perc_recall	FAM222B	-0.573529411764706	0.02	0.04	0
102	0.0209906963682178	Perc_recall	FAM50B	0.570588235294118	0.04	0	0.04
103	0.021814592143743	Perc_recall	FAM84A	0.567647058823529	0.03	0.02	0.02
104	0.0186625294177119	Perc_recall	FARSB	0.579411764705882	0.03	0.01	0
105	0.0103135155496777	Perc_recall	FAS	0.620588235294118	0.01	0	0.04
106	0.0201910380465231	Perc_recall	FBXL5	0.573529411764706	0.02	0.02	0.02
107	0.0361665149722456	Perc_recall	FBXO24	-0.526470588235294	0.03	0.01	0.02
108	0.0134241253978913	Perc_recall	FBXO42	-0.602941176470588	0.01	0	0.04
109	0.0123152031982464	Perc_recall	FGFR1	-0.608823529411765	0.02	0.02	0.01
110	0.00898808926444689	Perc_recall	FKBP5	-0.629411764705882	0.01	0.01	0.01
111	0.014609731954981	Perc_recall	FNDC9	0.597058823529412	0.01	0	0.02
112	0.00551142233634373	Perc_recall	FOXO3	-0.658823529411765	0.01	0.01	0.01
113	0.0253621763206081	Perc_recall	FTSJ1	-0.555882352941176	0.04	0.03	0.03
114	0.00238695266930094	Perc_recall	FTSJ3	-0.702941176470588	0.01	0	0
115	0.0326158632940219	Perc_recall	FUT9	0.535294117647059	0.03	0.03	0.02
116	0.0128602985333672	Perc_recall	FYTTD1	0.605882352941176	0.01	0.01	0.03
117	0.0165397221953782	Perc_recall	FZD3	0.588235294117647	0	0.04	0.03
118	0.0103135155496777	Perc_recall	GABPB2	-0.620588235294118	0.02	0.01	0.01
119	0.00857758410309935	Perc_recall	GABRA2	0.632352941176471	0.03	0.02	0
120	0.0179327341310354	Perc_recall	GATAD2A	-0.582352941176471	0.02	0.02	0.01
121	0.0201910380465231	Perc_recall	GATSL2	-0.573529411764706	0.02	0.01	0.02
122	0.000163846664736726	Perc_recall	GBP4	0.805882352941176	0.01	0	0
123	0.00818206461633403	Perc_recall	GLRA3	0.635294117647059	0.01	0.02	0.02
124	0.0103135155496777	Perc_recall	GPM6A	0.620588235294118	0.02	0	0.02
125	6.32812457323256e-05	Perc_recall	GPR161	-0.832352941176471	0	0	0
126	0.0186625294177119	Perc_recall	GPR22	0.579411764705882	0.01	0.01	0.04
127	0.0158755795556415	Perc_recall	GSTM4	0.591176470588235	0.03	0.02	0.01
128	0.00153448118982397	Perc_recall	HIF3A	-0.723529411764706	0.01	0	0.01
129	0.00320390861439574	Perc_recall	HIRIP3	-0.688235294117647	0.01	0	0
130	0.014609731954981	Perc_recall	HLA-DPA1	0.597058823529412	0.04	0.03	0.01
131	0.0485802888870239	Perc_recall	HMOX1	0.5	0.01	0.04	0.04
132	0.0103135155496777	Perc_recall	HNRNPM	-0.620588235294118	0.02	0.02	0.02
133	0.014609731954981	Perc_recall	HOOK2	-0.597058823529412	0.03	0.01	0.01
134	0.00471198194798998	Perc_recall	HOPX	0.667647058823529	0.01	0.01	0
135	0.0186625294177119	Perc_recall	HPS1	0.579411764705882	0	0.02	0.02
136	0.00985565039092204	Perc_recall	HS3ST1	0.623529411764706	0.01	0.01	0.02
137	0.00471198194799	Perc_recall	IFFO2	-0.667647058823529	0.02	0	0
138	0.0314932282058384	Perc_recall	IGSF6	0.538235294117647	0.03	0.03	0.02
139	0.0244365114245058	Perc_recall	IKBKB	-0.558823529411765	0.03	0.02	0.02
140	0.0140071223296	Perc_recall	IL10RB	-0.6	0.03	0.02	0
141	0.0123152031982465	Perc_recall	IL17RB	0.608823529411765	0	0.02	0.03
142	0.025362176320608	Perc_recall	IL33	0.555882352941176	0.03	0.04	0.03
143	0.0209906963682178	Perc_recall	INO80	-0.570588235294118	0.02	0.03	0.03
144	0.0253621763206081	Perc_recall	INPP1	-0.555882352941176	0.04	0	0.03
145	0.00224590060105133	Perc_recall	INSC	-0.705882352941176	0.01	0	0.02
146	0.00985565039092204	Perc_recall	ITGAM	0.623529411764706	0	0.01	0.02
147	0.00780113863100802	Perc_recall	JUP	-0.638235294117647	0.01	0	0.01
148	0.0226632048441846	Perc_recall	KCNG3	0.564705882352941	0.03	0.02	0.01
149	0.0058007369622315	Perc_recall	KCNJ16	0.655882352941176	0.02	0	0
150	0.0244365114245058	Perc_recall	KCNJ5	0.558823529411765	0.03	0.01	0.04
151	0.0272939727097306	Perc_recall	KCNN2	0.55	0.03	0.01	0.02
152	0.0158755795556415	Perc_recall	KCTD4	0.591176470588235	0.02	0.02	0.02
153	0.00125495816615226	Perc_recall	KIF19	-0.732352941176471	0.01	0	0
154	0.00238695266930094	Perc_recall	KLF15	-0.702941176470588	0.01	0	0
155	0.0226632048441846	Perc_recall	KRI1	-0.564705882352941	0.02	0.02	0.03
156	0.0179327341310354	Perc_recall	LA16c-306E5.2	-0.582352941176471	0.03	0.04	0.02
157	0.0186625294177119	Perc_recall	LAIR1	0.579411764705882	0.02	0.01	0.03
158	0.00446720869773816	Perc_recall	LLfos-48D6.2	-0.670588235294118	0	0.01	0.01
159	0.0304002188881702	Perc_recall	LPAR6	0.541176470588235	0.04	0.01	0.03
160	0.0283010872421088	Perc_recall	LRCH2	0.547058823529412	0.03	0.02	0.02
161	0.00985565039092201	Perc_recall	LRP5L	-0.623529411764706	0.02	0.03	0.01
162	0.00985565039092204	Perc_recall	LRRC3B	0.623529411764706	0.03	0	0.03
163	0.00065403023616479	Perc_recall	LRRN1	0.758823529411765	0	0	0
164	0.00109285081184815	Perc_recall	LRRN3	0.738235294117647	0.01	0	0
165	0.0326158632940219	Perc_recall	LRRTM2	0.535294117647059	0.03	0.02	0.04
166	0.0194151403865316	Perc_recall	LSG1	-0.576470588235294	0.03	0.01	0.01
167	0.00780113863100802	Perc_recall	LYST	0.638235294117647	0.01	0.01	0.02
168	0.041345806442249	Perc_recall	LYZ	0.514705882352941	0.03	0.03	0.03
169	0.015232400876328	Perc_recall	MAFF	-0.594117647058824	0.02	0.04	0.04
170	0.0235370164742809	Perc_recall	MAN1A1	0.561764705882353	0	0.03	0.03
171	0.0103135155496777	Perc_recall	MCAM	-0.620588235294118	0.02	0.01	0.01
172	0.00551142233634373	Perc_recall	MEI1	-0.658823529411765	0.02	0.01	0
173	0.0117884050531152	Perc_recall	METAP1	0.611764705882353	0.04	0	0.01
174	0.0140071223296	Perc_recall	METTL16	-0.6	0.04	0.02	0.03
175	0.00674207700717987	Perc_recall	METTL21A	0.647058823529412	0.01	0.02	0.01
176	0.0263144998706665	Perc_recall	MFF	0.552941176470588	0.03	0	0
177	0.0304002188881702	Perc_recall	MGAT4A	0.541176470588235	0.02	0.04	0.02
178	0.028301087242109	Perc_recall	MICALL1	-0.547058823529412	0.03	0.01	0.02
179	0.0194151403865316	Perc_recall	MIP	0.576470588235294	0.02	0.03	0.01
180	0.015232400876328	Perc_recall	MLXIP	-0.594117647058824	0.01	0.01	0.02
181	0.00285370590345691	Perc_recall	MPEG1	0.694117647058824	0	0.01	0
182	0.011279474063305	Perc_recall	MPHOSPH8	-0.614705882352941	0.02	0.01	0.01
183	0.023537016474281	Perc_recall	MREG	-0.561764705882353	0.03	0.02	0.03
184	0.0263144998706666	Perc_recall	MSH6	-0.552941176470588	0.02	0.02	0.01
185	0.0158755795556414	Perc_recall	MTF1	-0.591176470588235	0.02	0.01	0.02
186	0.041345806442249	Perc_recall	MVP	-0.514705882352941	0.04	0.04	0.02
187	0.0172252866160948	Perc_recall	NAA30	0.585294117647059	0.03	0	0.02
188	0.0201910380465231	Perc_recall	NAT10	-0.573529411764706	0.02	0.01	0.01
189	0.011279474063305	Perc_recall	NCKAP5L	-0.614705882352941	0.01	0.01	0
190	0.0201910380465231	Perc_recall	NCL	-0.573529411764706	0.04	0.02	0.04
191	0.0209906963682178	Perc_recall	NCOA7	-0.570588235294118	0.02	0.03	0.02
192	0.0272939727097307	Perc_recall	NDE1	-0.55	0.04	0.03	0.02
193	0.0470631404672732	Perc_recall	NDUFA6	0.502941176470588	0.04	0.04	0.04
194	0.0186625294177119	Perc_recall	NEFM	-0.579411764705882	0.03	0.02	0.02
195	0.0058007369622315	Perc_recall	NETO2	0.655882352941176	0.02	0	0
196	0.00985565039092201	Perc_recall	NFKBIA	-0.623529411764706	0.02	0.01	0.04
197	0.0194151403865316	Perc_recall	NFKBIZ	-0.576470588235294	0.03	0.02	0
198	0.0194151403865316	Perc_recall	NKD1	-0.576470588235294	0.02	0.02	0
199	0.0172252866160948	Perc_recall	NLGN4X	0.585294117647059	0.01	0.02	0.01
200	0.0172252866160948	Perc_recall	NMNAT1	-0.585294117647059	0.03	0.01	0.03
201	0.0293363374813766	Perc_recall	NOA1	0.544117647058823	0.02	0.01	0.03
202	0.0140071223296	Perc_recall	NPR1	0.6	0.01	0.01	0.02
203	0.0272939727097306	Perc_recall	NR0B1	0.55	0.03	0.03	0.03
204	0.0209906963682178	Perc_recall	NSUN6	-0.570588235294118	0.02	0.04	0.03
205	0.0123152031982464	Perc_recall	NUDT16	-0.608823529411765	0.02	0	0
206	0.0485802888870239	Perc_recall	NUPL2	0.5	0.03	0.03	0.03
207	0.0123152031982464	Perc_recall	NXPE3	-0.608823529411765	0.03	0	0.01
208	0.0226632048441846	Perc_recall	OGFOD3	-0.564705882352941	0.02	0.03	0.03
209	0.0186625294177119	Perc_recall	OR14I1	0.579411764705882	0.03	0.02	0
210	0.0374126481301494	Perc_recall	ORMDL1	0.523529411764706	0.03	0.03	0.02
211	0.0128602985333672	Perc_recall	PANK3	0.605882352941176	0	0.01	0.01
212	0.0400017929595607	Perc_recall	PCDH8	0.517647058823529	0.02	0.02	0.03
213	0.0172252866160948	Perc_recall	PCDHB16	0.585294117647059	0.02	0.01	0.01
214	0.041345806442249	Perc_recall	PCNP	0.514705882352941	0.03	0.04	0.04
215	0.0361665149722455	Perc_recall	PCNX	0.526470588235294	0.04	0.04	0.03
216	0.0244365114245058	Perc_recall	PCSK7	0.558823529411765	0.03	0	0
217	0.00153448118982397	Perc_recall	PCYT1A	-0.723529411764706	0.01	0	0
218	0.00708152408658287	Perc_recall	PDAP1	-0.644117647058823	0.02	0.01	0.01
219	0.0123152031982464	Perc_recall	PDCL3	-0.608823529411765	0.03	0.02	0.01
220	0.025362176320608	Perc_recall	PEX1	0.555882352941176	0.04	0	0.01
221	0.00743441908253395	Perc_recall	PGM2	0.641176470588235	0.01	0.01	0.04
222	0.0172252866160948	Perc_recall	PHF8	-0.585294117647059	0.03	0	0.03
223	0.00302471879504341	Perc_recall	PIK3CB	-0.691176470588235	0.01	0.01	0.02
224	0.00174753506047024	Perc_recall	PLA2G12A	0.717647058823529	0.01	0	0
225	0.0386909071406499	Perc_recall	PLET1	0.520588235294118	0.04	0.03	0.04
226	0.0172252866160948	Perc_recall	PLSCR5	0.585294117647059	0.04	0.02	0.02
227	0.0235370164742809	Perc_recall	PON2	0.561764705882353	0.04	0.04	0.03
228	0.0209906963682178	Perc_recall	PPP1CC	0.570588235294118	0.02	0.03	0.02
229	0.00743441908253395	Perc_recall	PRR5	-0.641176470588235	0.04	0	0.02
230	0.0293363374813766	Perc_recall	PSMB1	0.544117647058823	0.04	0.03	0.04
231	0.0158755795556415	Perc_recall	PSMD6	0.591176470588235	0.03	0.02	0.03
232	0.015232400876328	Perc_recall	PTBP3	0.594117647058824	0.03	0.02	0.01
233	0.0272939727097306	Perc_recall	PTCHD1	0.55	0.04	0.03	0.01
234	0.00400825239020936	Perc_recall	PTPN14	-0.676470588235294	0	0	0
235	0.028301087242109	Perc_recall	PTRF	-0.547058823529412	0.04	0.03	0.04
236	0.025362176320608	Perc_recall	PURG	0.555882352941176	0.02	0.02	0.04
237	0.0244365114245058	Perc_recall	RAD1	0.558823529411765	0.04	0.02	0.03
238	0.00523375330132754	Perc_recall	RALY	-0.661764705882353	0	0	0
239	0.00985565039092204	Perc_recall	RANGRF	0.623529411764706	0.01	0.02	0.01
240	0.00818206461633403	Perc_recall	RAP2A	0.635294117647059	0	0.01	0
241	0.00743441908253395	Perc_recall	RAPH1	0.641176470588235	0.01	0	0
242	0.0107879846019488	Perc_recall	RAVER2	0.617647058823529	0.03	0	0.01
243	0.0374126481301494	Perc_recall	RBBP9	0.523529411764706	0.03	0.01	0.04
244	0.0314932282058384	Perc_recall	RCHY1	0.538235294117647	0.02	0.03	0.03
245	0.0128602985333672	Perc_recall	RCL1	-0.605882352941176	0.03	0	0.03
246	0.0107879846019488	Perc_recall	RECQL5	-0.617647058823529	0.02	0.01	0.01
247	0.0374126481301494	Perc_recall	RGS5	0.523529411764706	0.04	0.04	0.02
248	0.0337686229602347	Perc_recall	RGS9BP	0.532352941176471	0.04	0.02	0.04
249	0.0337686229602347	Perc_recall	RHOT1	0.532352941176471	0.03	0.01	0.04
250	0.00743441908253395	Perc_recall	RIIAD1	0.641176470588235	0	0.01	0.02
251	0.011279474063305	Perc_recall	RP11-286N22.8	-0.614705882352941	0.03	0	0.01
252	0.0186625294177119	Perc_recall	RP11-529K1.3	-0.579411764705882	0.02	0.02	0.02
253	0.0165397221953782	Perc_recall	RP11-849F2.7	0.588235294117647	0.03	0	0.01
254	0.00941397730678363	Perc_recall	RP3-461F17.3	-0.626470588235294	0.01	0.01	0
255	0.00674207700717987	Perc_recall	RPA1	-0.647058823529412	0.01	0.01	0.02
256	0.0117884050531152	Perc_recall	RPLP2	-0.611764705882353	0.03	0.01	0.02
257	0.00065403023616479	Perc_recall	RPS26	0.758823529411765	0	0	0
258	0.0272939727097306	Perc_recall	RPS27	0.55	0.03	0.03	0.02
259	0.00818206461633403	Perc_recall	RPS6KB1	-0.635294117647059	0.03	0	0
260	0.00780113863100802	Perc_recall	RRBP1	-0.638235294117647	0.01	0.03	0.01
261	0.028301087242109	Perc_recall	RRN3	-0.547058823529412	0.02	0.01	0.03
262	0.00743441908253395	Perc_recall	RUFY1	-0.641176470588235	0	0.03	0.01
263	0.0304002188881703	Perc_recall	SAFB	-0.541176470588235	0.04	0.03	0.04
264	0.0140071223296	Perc_recall	SAFB2	-0.6	0.02	0.02	0.01
265	0.0441352182349839	Perc_recall	SAMD5	0.508823529411765	0.02	0.03	0.04
266	0.0272939727097307	Perc_recall	SCUBE1	-0.55	0.03	0.02	0.02
267	0.021814592143743	Perc_recall	SDCBP	0.567647058823529	0.01	0.02	0.03
268	0.0337686229602348	Perc_recall	SEC14L1	-0.532352941176471	0.04	0.03	0.02
269	0.00198404324776996	Perc_recall	SEC24B	0.711764705882353	0	0	0.01
270	0.00898808926444689	Perc_recall	SEMA3A	-0.629411764705882	0.01	0.02	0.01
271	0.0165397221953781	Perc_recall	SEMA3E	-0.588235294117647	0.01	0.02	0.02
272	0.014609731954981	Perc_recall	SERTM1	0.597058823529412	0.04	0.01	0.01
273	0.000705890586909894	Perc_recall	SH3PXD2B	-0.755882352941176	0.01	0	0
274	0.0263144998706666	Perc_recall	SHMT1	-0.552941176470588	0.02	0.03	0.04
275	0.0253621763206081	Perc_recall	SIL1	-0.555882352941176	0.02	0.03	0.02
276	0.0235370164742809	Perc_recall	SLC16A14	0.561764705882353	0.02	0.01	0.02
277	0.000134322374774712	Perc_recall	SLC27A5	-0.811764705882353	0	0	0
278	0.00496738593748203	Perc_recall	SLC35E3	-0.664705882352941	0.01	0.01	0.02
279	0.023537016474281	Perc_recall	SLC38A10	-0.561764705882353	0.03	0.02	0.03
280	0.0455816161239403	Perc_recall	SLC4A8	-0.505882352941176	0.03	0.01	0.04
281	0.00523375330132751	Perc_recall	SLCO1C1	0.661764705882353	0.01	0.01	0.01
282	0.023537016474281	Perc_recall	SLCO3A1	-0.561764705882353	0.04	0.02	0.03
283	0.00743441908253395	Perc_recall	SMC1A	-0.641176470588235	0.02	0.01	0
284	0.0244365114245058	Perc_recall	SMIM20	0.558823529411765	0.03	0.02	0.04
285	0.00523375330132754	Perc_recall	SMOC1	-0.661764705882353	0.01	0	0.02
286	0.00523375330132754	Perc_recall	SMOX	-0.661764705882353	0.01	0.01	0
287	0.011279474063305	Perc_recall	SMPDL3B	-0.614705882352941	0.01	0.01	0.02
288	0.0026905894025606	Perc_recall	SNX20	0.697058823529412	0	0.01	0.01
289	0.0209906963682178	Perc_recall	SNX29	-0.570588235294118	0.02	0.02	0.03
290	0.0058007369622315	Perc_recall	SOX4	0.655882352941176	0	0	0.02
291	0.0172252866160948	Perc_recall	SPA17	0.585294117647059	0.01	0.03	0.01
292	0.0263144998706666	Perc_recall	SPATA22	-0.552941176470588	0.04	0.04	0.01
293	0.0244365114245058	Perc_recall	SRPK2	-0.558823529411765	0.04	0.01	0.03
294	0.0349520067895181	Perc_recall	SRSF6	0.529411764705882	0.04	0.01	0.01
295	0.0103135155496777	Perc_recall	ST5	-0.620588235294118	0.03	0	0.04
296	0.00818206461633403	Perc_recall	STRIP2	0.635294117647059	0.02	0.01	0.01
297	0.00780113863100802	Perc_recall	STX4	-0.638235294117647	0	0.01	0.02
298	0.000948282785737869	Perc_recall	STX6	0.744117647058824	0	0.01	0
299	0.028301087242109	Perc_recall	STX8	-0.547058823529412	0.04	0.02	0.03
300	0.0374126481301494	Perc_recall	STXBP6	0.523529411764706	0.02	0.03	0.03
301	0.0058007369622315	Perc_recall	SUPT7L	0.655882352941176	0.02	0.01	0
302	0.0140071223296	Perc_recall	SUSD3	0.6	0.04	0	0.01
303	0.00743441908253395	Perc_recall	SYAP1	-0.641176470588235	0	0.02	0.01
304	0.0172252866160948	Perc_recall	TAB2	0.585294117647059	0.02	0.02	0.03
305	0.00379343266915975	Perc_recall	TAB3	0.679411764705882	0	0.01	0.01
306	0.0123152031982464	Perc_recall	TACC1	-0.608823529411765	0	0.03	0.04
307	0.028301087242109	Perc_recall	TACC3	-0.547058823529412	0.03	0.04	0.04
308	0.0272939727097306	Perc_recall	TAF9B	0.55	0.02	0.03	0.03
309	0.015232400876328	Perc_recall	TAX1BP3	0.594117647058824	0.02	0.03	0.03
310	0.014609731954981	Perc_recall	TAZ	-0.597058823529412	0.02	0.02	0.01
311	0.000148475592232346	Perc_recall	TBC1D10A	-0.808823529411765	0	0	0
312	0.0253621763206081	Perc_recall	TBCE	-0.555882352941176	0.04	0.01	0.04
313	0.014609731954981	Perc_recall	TENM2	0.597058823529412	0.01	0.01	0.01
314	0.00818206461633403	Perc_recall	TFAP2E	-0.635294117647059	0.01	0.01	0.02
315	0.015232400876328	Perc_recall	TFCP2	-0.594117647058824	0.01	0	0.03
316	0.00471198194799	Perc_recall	TIMELESS	-0.667647058823529	0	0	0.01
317	0.0179327341310354	Perc_recall	TMEM132C	-0.582352941176471	0.02	0.02	0.03
318	0.014609731954981	Perc_recall	TMEM133	0.597058823529412	0.03	0.01	0.02
319	0.00857758410309935	Perc_recall	TMEM170B	0.632352941176471	0.03	0.02	0.03
320	0.011279474063305	Perc_recall	TMEM200A	0.614705882352941	0.01	0.02	0.02
321	0.0201910380465231	Perc_recall	TMEM257	0.573529411764706	0.03	0.01	0.02
322	0.0283010872421088	Perc_recall	TMEM69	0.547058823529412	0.02	0.03	0.03
323	0.0064157065211753	Perc_recall	TNFSF10	0.65	0.03	0.02	0.01
324	0.0304002188881702	Perc_recall	TNPO1	0.541176470588235	0.04	0.03	0.01
325	0.00285370590345691	Perc_recall	TPTE	-0.694117647058824	0.01	0	0.01
326	0.0179327341310354	Perc_recall	TRAF3IP1	-0.582352941176471	0.04	0.01	0.01
327	0.0194151403865316	Perc_recall	TRAPPC10	-0.576470588235294	0.02	0.02	0.03
328	0.00320390861439574	Perc_recall	TRAPPC11	0.688235294117647	0.02	0.01	0
329	0.0201910380465231	Perc_recall	TRIM56	-0.573529411764706	0.04	0.01	0.02
330	0.0201910380465231	Perc_recall	TRIM59	-0.573529411764706	0.03	0	0.01
331	0.0293363374813766	Perc_recall	TRIT1	-0.544117647058823	0.04	0.02	0.04
332	0.014609731954981	Perc_recall	TSC22D3	-0.597058823529412	0.03	0.01	0.01
333	0.0134241253978913	Perc_recall	TSSK3	-0.602941176470588	0.02	0.02	0.01
334	0.0165397221953781	Perc_recall	TUFT1	-0.588235294117647	0.02	0.02	0.02
335	0.0235370164742809	Perc_recall	UGCG	0.561764705882353	0.02	0.04	0.03
336	0.0107879846019488	Perc_recall	USP12	0.617647058823529	0.01	0.02	0.02
337	0.0117884050531152	Perc_recall	VDAC2	-0.611764705882353	0.01	0.01	0
338	0.0209906963682178	Perc_recall	VIMP	-0.570588235294118	0.02	0.02	0.02
339	0.0158755795556415	Perc_recall	VIP	0.591176470588235	0.02	0	0.03
340	0.0209906963682178	Perc_recall	VPS37B	-0.570588235294118	0.03	0.01	0.01
341	0.0179327341310354	Perc_recall	VSIG10	-0.582352941176471	0.04	0.04	0.02
342	0.0128602985333672	Perc_recall	WASF2	-0.605882352941176	0.01	0.01	0.01
343	0.0272939727097307	Perc_recall	WBSCR22	-0.55	0.04	0.02	0.01
344	0.00339156174521659	Perc_recall	WDR36	0.685294117647059	0.01	0	0
345	0.0201910380465231	Perc_recall	WIF1	0.573529411764706	0.02	0.03	0.02
346	0.0172252866160948	Perc_recall	XPC	-0.585294117647059	0.02	0.02	0.03
347	0.0179327341310354	Perc_recall	XPR1	0.582352941176471	0.02	0.01	0.01
348	0.00985565039092201	Perc_recall	ZBTB16	-0.623529411764706	0.02	0.01	0.02
349	0.0194151403865316	Perc_recall	ZBTB3	-0.576470588235294	0.04	0.02	0.03
350	0.0400017929595607	Perc_recall	ZDHHC21	0.517647058823529	0.03	0.03	0.04
351	0.00857758410309935	Perc_recall	ZHX3	-0.632352941176471	0.02	0.01	0.01
352	0.0337686229602348	Perc_recall	ZNF142	-0.532352941176471	0.04	0.02	0.02
353	0.0209906963682178	Perc_recall	ZNF333	-0.570588235294118	0.04	0.04	0.03
354	0.021814592143743	Perc_recall	ZNF544	-0.567647058823529	0.03	0.04	0.02
355	0.00898808926444689	Perc_recall	ZNF586	-0.629411764705882	0.02	0	0.02
356	0.028301087242109	Perc_recall	ZNF587	-0.547058823529412	0.04	0.02	0.03
357	0.0201910380465231	Perc_recall	ZNF775	-0.573529411764706	0.02	0.03	0.02
358	0.0103135155496777	Perc_recall	ZNF787	-0.620588235294118	0.02	0	0.03
359	0.0226632048441846	Perc_recall	ZNF804A	0.564705882352941	0.04	0	0.01
360	0.0284836815429175	Encoded_Words	ABCC1	0.546534169593975	0.02	0.02	0.02
361	0.0101123888419654	Encoded_Words	ACAD10	0.621867257835306	0	0.02	0
362	0.00880222607731772	Encoded_Words	ADAMTSL2	0.630729974098992	0	0.04	0
363	0.00147581434949063	Encoded_Words	ANGPT4	0.725265614244977	0	0	0
364	0.0110679989322441	Encoded_Words	ANKRD30A	-0.615958780326182	0.01	0.01	0
365	0.0437561813459142	Encoded_Words	AP4M1	0.509606185161949	0.01	0.03	0.02
366	0.0383247562355888	Encoded_Words	APOBEC3D	0.521423140180198	0.03	0.01	0.03
367	0.00658549593859496	Encoded_Words	AQP9	-0.648455406626365	0.02	0.03	0.01
368	0.0364249080516448	Encoded_Words	ARHGAP29	-0.525854498312041	0.04	0.01	0.03
369	0.023675791732007	Encoded_Words	ARID1A	0.561305363366785	0.03	0.01	0
370	0.0162808399429704	Encoded_Words	ARIH1	-0.589370631535124	0.02	0	0.01
371	0.0162808399429704	Encoded_Words	ATG2A	0.589370631535124	0	0.01	0.01
372	0.0149840854116093	Encoded_Words	ATG9B	0.595279109044248	0.01	0.03	0
373	0.00626381201978993	Encoded_Words	BANP	0.651409645380927	0	0	0
374	0.0183878991710539	Encoded_Words	BCAT2	0.580507915271438	0.03	0.04	0.01
375	0.0211068972465926	Encoded_Words	BOC	0.570168079630471	0.04	0.03	0.02
376	0.00626381201978994	Encoded_Words	BRAF	-0.651409645380927	0	0.01	0.01
377	0.0274671516556523	Encoded_Words	C11orf96	0.549488408348537	0.03	0.02	0.01
378	0.00839672642408215	Encoded_Words	C17orf53	0.633684212853555	0	0	0
379	0.0166182799893085	Encoded_Words	C19orf24	0.587893512157843	0	0	0.03
380	0.046678678650718	Encoded_Words	C3orf14	-0.503697707652825	0.04	0.02	0.04
381	0.0306026693761356	Encoded_Words	C6orf58	-0.540625692084851	0.01	0.02	0.01
382	0.0118302369592607	Encoded_Words	CACNG1	-0.611527422194339	0.01	0.01	0
383	0.0129100240648008	Encoded_Words	CACNG5	-0.605618944685215	0.02	0	0.02
384	0.0376833646723111	Encoded_Words	CAPZA1	-0.522900259557479	0.04	0.04	0.01
385	0.032269078354596	Encoded_Words	CCBL1	0.536194333953008	0.01	0.01	0.01
386	0.0207005599500925	Encoded_Words	CCDC24	0.571645199007752	0	0.01	0.01
387	0.0219380240360602	Encoded_Words	CCDC39	-0.567213840875909	0.01	0.01	0.02
388	0.00965964947409564	Encoded_Words	CCDC93	0.624821496589868	0	0	0.01
389	0.0143667061688261	Encoded_Words	CCL2	-0.59823334779881	0.02	0.01	0
390	0.0255175156310871	Encoded_Words	CCL27	0.555396885857661	0.01	0.01	0.01
391	0.0146728602648549	Encoded_Words	CCR5	-0.596756228421529	0	0.02	0.02
392	0.0451997761945111	Encoded_Words	CDK2AP1	-0.506651946407387	0.03	0.03	0
393	0.00943936375687967	Encoded_Words	CEP72	0.626298615967149	0	0	0.01
394	0.0295286866703309	Encoded_Words	CHAC2	-0.543579930839413	0	0	0.01
395	0.0340035244436105	Encoded_Words	CHMP1A	0.531762975821165	0.01	0.03	0.01
396	0.0255175156310871	Encoded_Words	CLEC7A	-0.555396885857661	0	0.01	0.01
397	0.0173094680865901	Encoded_Words	COLCA2	-0.584939273403281	0.02	0.02	0.01
398	0.023675791732007	Encoded_Words	CPSF1	0.561305363366785	0.03	0.03	0.02
399	0.00260408893624681	Encoded_Words	CTDP1	0.698677465453919	0	0	0
400	0.000553066116099887	Encoded_Words	CXorf40B	0.765147837431565	0	0	0
401	0.0317061332734092	Encoded_Words	CYP24A1	0.537671453330289	0.04	0.01	0.02
402	0.0358077160883635	Encoded_Words	DCTN6	-0.527331617689322	0.01	0.02	0.01
403	0.049744423477424	Encoded_Words	DSG1	-0.497789230143701	0.04	0.04	0.04
404	0.0284836815429177	Encoded_Words	EGFL6	-0.546534169593975	0.02	0.03	0.02
405	0.00965964947409561	Encoded_Words	EGR2	-0.624821496589868	0	0	0
406	0.0317061332734092	Encoded_Words	EIF1AX	-0.537671453330289	0.02	0.04	0.02
407	0.0306026693761356	Encoded_Words	EIF2B1	0.540625692084851	0.04	0.03	0.02
408	0.0131916690930805	Encoded_Words	EIF4E	-0.604141825307934	0.01	0	0.01
409	0.0140655663760645	Encoded_Words	EMP1	-0.599710467176091	0	0.03	0
410	0.032269078354596	Encoded_Words	ENDOG	0.536194333953008	0.02	0.02	0.02
411	0.0430474663233134	Encoded_Words	ENPP1	-0.51108330453923	0.02	0.04	0.01
412	0.000812048386770659	Encoded_Words	FAAP20	0.750376643658755	0	0	0.01
413	0.00230721625225191	Encoded_Words	FAM109A	0.704585942963043	0	0	0
414	0.0370501030966888	Encoded_Words	FBXW4	0.52437737893476	0	0.02	0.03
415	0.0173094680865901	Encoded_Words	FCER1G	-0.584939273403281	0.04	0	0.02
416	0.0416558847240952	Encoded_Words	FGR	-0.514037543293792	0	0.03	0.03
417	0.0149840854116093	Encoded_Words	FZD4	0.595279109044248	0.01	0.02	0.04
418	0.00642304999637943	Encoded_Words	GALR1	-0.649932526003646	0.01	0.02	0
419	0.00819960367069929	Encoded_Words	GCOM1	-0.635161332230836	0.01	0.01	0
420	0.0409728914767438	Encoded_Words	GDI2	-0.515514662671073	0.02	0.01	0.02
421	0.0101123888419654	Encoded_Words	GGH	-0.621867257835306	0	0.01	0
422	0.0409728914767438	Encoded_Words	GNA13	-0.515514662671073	0.03	0.04	0.03
423	0.0340035244436105	Encoded_Words	GPN2	0.531762975821165	0.02	0.04	0.02
424	0.0140655663760645	Encoded_Words	GRAP2	-0.599710467176091	0.01	0.02	0.01
425	0.0328395830795308	Encoded_Words	GSDMB	0.534717214575727	0.04	0.03	0.01
426	0.0255175156310871	Encoded_Words	GSTO2	0.555396885857661	0.02	0.02	0.02
427	0.0259946526278339	Encoded_Words	H2AFY	0.55391976648038	0.02	0.02	0.01
428	0.0118302369592607	Encoded_Words	HAAO	-0.611527422194339	0	0.04	0
429	0.0259946526278338	Encoded_Words	HECA	-0.55391976648038	0.02	0.01	0.02
430	0.0195177265873117	Encoded_Words	HEXIM2	0.576076557139595	0.01	0	0.02
431	0.0334177106821201	Encoded_Words	HSD17B8	0.533240095198446	0.02	0.03	0.02
432	0.0199060348910093	Encoded_Words	HTR2B	-0.574599437762314	0	0.01	0.02
433	0.0322690783545961	Encoded_Words	IDI1	-0.536194333953008	0.02	0.04	0.02
434	0.0364249080516448	Encoded_Words	IFIT5	-0.525854498312041	0	0.01	0.01
435	0.0370501030966888	Encoded_Words	IFT122	0.52437737893476	0.02	0.01	0.01
436	0.0137693843876559	Encoded_Words	IRGQ	0.601187586553372	0	0.01	0
437	0.0120932746462232	Encoded_Words	ISG15	0.610050302817058	0.03	0	0.01
438	0.039632183160575	Encoded_Words	KRT10	-0.518468901425636	0.02	0.01	0.02
439	0.0295286866703309	Encoded_Words	KRTAP5-11	-0.543579930839413	0.01	0.02	0.01
440	0.0345970876870887	Encoded_Words	LIN7C	-0.530285856443884	0.01	0.04	0.01
441	9.09418855900981e-05	Encoded_Words	LPAR3	-0.822755493145524	0	0	0
442	0.0358077160883636	Encoded_Words	LRRC20	0.527331617689322	0.01	0.04	0.01
443	0.0173094680865902	Encoded_Words	LRRC3	0.584939273403281	0	0.02	0.01
444	0.0195177265873117	Encoded_Words	LVRN	0.576076557139595	0.02	0.02	0.03
445	0.0351984637719544	Encoded_Words	MAP10	-0.528808737066603	0.02	0.04	0.03
446	0.0376833646723111	Encoded_Words	MARK3	0.522900259557479	0.01	0.03	0.04
447	0.00800616612868195	Encoded_Words	MOCS1	0.636638451608117	0	0.01	0.01
448	0.0274671516556522	Encoded_Words	MRLN	-0.549488408348537	0.04	0.01	0.02
449	0.00237872461684185	Encoded_Words	MTRNR2L13	-0.703108823585762	0	0	0
450	0.00358276815372167	Encoded_Words	NDUFC2-KCTD14	0.682429152303828	0	0.01	0.01
451	0.0423473885548471	Encoded_Words	NLRX1	-0.512560423916511	0.02	0.03	0.04
452	0.023675791732007	Encoded_Words	NME1-NME2	0.561305363366785	0	0.03	0.02
453	0.0101123888419654	Encoded_Words	NTN5	0.621867257835306	0	0.03	0.02
454	0.00471105542112754	Encoded_Words	NTSR1	-0.667657958531018	0.01	0.02	0
455	0.0123608819082112	Encoded_Words	OLFML3	-0.608573183439777	0	0.02	0
456	0.00943936375687967	Encoded_Words	PAK4	0.626298615967149	0.01	0	0
457	0.0149840854116093	Encoded_Words	PARG	-0.595279109044248	0	0.02	0
458	0.0255175156310871	Encoded_Words	PCDHB10	-0.555396885857661	0.03	0.03	0.01
459	0.0108226985415307	Encoded_Words	PDK1	-0.617435899703463	0	0.01	0
460	0.00483795512157767	Encoded_Words	PDPN	-0.666180839153737	0	0.02	0
461	0.046678678650718	Encoded_Words	PEAK1	-0.503697707652825	0.03	0.04	0.03
462	0.0311506846548721	Encoded_Words	PGM1	0.53914857270757	0.02	0.04	0.03
463	0.0236757917320069	Encoded_Words	PHYH	-0.561305363366785	0.01	0.03	0
464	0.0451997761945111	Encoded_Words	PHYHIPL	-0.506651946407387	0.04	0.04	0.03
465	0.0345970876870887	Encoded_Words	PIGX	-0.530285856443884	0.04	0.04	0.01
466	0.00565802786226383	Encoded_Words	PLEKHG2	0.657318122890051	0.01	0	0.01
467	0.00610773615256243	Encoded_Words	PNPLA3	-0.652886764758208	0.02	0	0
468	0.0416558847240952	Encoded_Words	POF1B	-0.514037543293792	0.03	0.04	0.01
469	0.010581698647429	Encoded_Words	POFUT1	0.618913019080744	0	0.01	0
470	0.0183878991710539	Encoded_Words	PPIE	0.580507915271438	0	0	0
471	0.0376833646723111	Encoded_Words	PRICKLE4	0.522900259557479	0.01	0.03	0.03
472	0.00763015011518358	Encoded_Words	PSCA	0.639592690362679	0.01	0.04	0.02
473	0.0250471229909994	Encoded_Words	PSMD11	0.556874005234942	0.02	0	0.01
474	0.00922306532273252	Encoded_Words	PTGER4	-0.62777573534443	0	0.01	0
475	0.0191353077084034	Encoded_Words	RABL2A	0.577553676516876	0.01	0.01	0.04
476	0.00781636457535593	Encoded_Words	RBBP5	0.638115570985398	0	0	0
477	0.0166182799893085	Encoded_Words	RBM5	0.587893512157843	0	0.02	0.01
478	0.0191353077084034	Encoded_Words	REL	-0.577553676516876	0.02	0.01	0.02
479	0.0245834126962279	Encoded_Words	RGS14	0.558351124612223	0.03	0.03	0.01
480	0.0409728914767438	Encoded_Words	RP11-474G23.1	-0.515514662671073	0.01	0.02	0.03
481	0.0430474663233134	Encoded_Words	RPL37A	0.51108330453923	0.04	0.03	0.03
482	0.0166182799893085	Encoded_Words	RRP7A	0.587893512157843	0.01	0.01	0.04
483	0.00358276815372167	Encoded_Words	RTP5	0.682429152303828	0	0.01	0
484	0.0118302369592607	Encoded_Words	RWDD1	-0.611527422194339	0	0	0
485	0.0295286866703309	Encoded_Words	SCML1	-0.543579930839413	0.01	0.03	0.02
486	0.0451997761945111	Encoded_Words	SFRP4	-0.506651946407387	0.04	0.01	0.02
487	0.0183878991710539	Encoded_Words	SGF29	0.580507915271438	0.01	0.01	0.01
488	0.0223629350986708	Encoded_Words	SIDT1	0.565736721498628	0.02	0.01	0.01
489	0.0215193650410591	Encoded_Words	SLC19A2	-0.56869096025319	0.02	0.04	0.04
490	0.0120932746462232	Encoded_Words	SLC29A2	0.610050302817058	0	0.01	0
491	0.00709254529246215	Encoded_Words	SLCO2A1	-0.644024048494522	0	0.02	0
492	0.0459347824109841	Encoded_Words	SLX4	0.505174827030106	0.04	0.02	0.03
493	0.00901070303699057	Encoded_Words	SOCS3	-0.629252854721711	0	0.01	0
494	0.0255175156310871	Encoded_Words	SRPX2	-0.555396885857661	0.02	0.02	0
495	0.0311506846548721	Encoded_Words	STK26	-0.53914857270757	0.01	0.04	0.02
496	0.0345970876870887	Encoded_Words	STRA13	0.530285856443884	0.02	0.03	0
497	0.011317653062691	Encoded_Words	SUSD5	-0.614481660948901	0.01	0.01	0.04
498	0.0437561813459142	Encoded_Words	SYT17	0.509606185161949	0.02	0.04	0.02
499	0.0146728602648549	Encoded_Words	TAB3	-0.596756228421529	0	0.03	0.01
500	0.00763015011518363	Encoded_Words	TCP11	-0.639592690362679	0	0.02	0.01
501	0.0223629350986708	Encoded_Words	TEX10	-0.565736721498628	0.01	0.04	0
502	0.0364249080516448	Encoded_Words	TFAP4	0.525854498312041	0.03	0.04	0.04
503	0.0227941592557954	Encoded_Words	TMEM107	-0.564259602121347	0.02	0.02	0.03
504	0.0207005599500925	Encoded_Words	TMEM53	0.571645199007752	0.02	0	0.01
505	0.0195177265873117	Encoded_Words	TMEM81	0.576076557139595	0	0.01	0
506	0.0358077160883635	Encoded_Words	TNFSF18	-0.527331617689322	0.02	0.04	0.01
507	0.00709254529246215	Encoded_Words	TNIP2	0.644024048494522	0	0	0.02
508	0.0358077160883636	Encoded_Words	TOP3B	0.527331617689322	0.04	0.04	0.04
509	0.0146728602648549	Encoded_Words	TPPP2	-0.596756228421529	0.01	0.02	0.02
510	0.0402983454264317	Encoded_Words	TRAPPC12	0.516991782048354	0.02	0.02	0.01
511	0.0389743412461729	Encoded_Words	TRIB1	-0.519946020802917	0.03	0.01	0.02
512	0.0317061332734092	Encoded_Words	TRIM27	0.537671453330289	0.04	0.03	0.04
513	0.0370501030966888	Encoded_Words	TRMU	0.52437737893476	0.04	0.02	0.04
514	0.0180227904691813	Encoded_Words	TSPAN14	0.581985034648719	0.01	0.01	0.01
515	0.0255175156310871	Encoded_Words	TSSC1	0.555396885857661	0.01	0.02	0.01
516	0.0123608819082112	Encoded_Words	TXNRD2	-0.608573183439777	0.01	0	0.01
517	0.0153004386013472	Encoded_Words	UBE2G2	0.593801989666967	0.01	0.03	0.02
518	0.00496757772231265	Encoded_Words	UFSP2	-0.664703719776456	0	0	0
519	0.0409728914767439	Encoded_Words	ULBP2	0.515514662671073	0.04	0.02	0.03
520	0.0259946526278339	Encoded_Words	USP18	0.55391976648038	0.02	0	0.01
521	0.0269694083364529	Encoded_Words	UTS2B	-0.550965527725818	0.01	0.04	0.02
522	0.00943936375687967	Encoded_Words	VPS37C	0.626298615967149	0.01	0	0
523	0.0173094680865901	Encoded_Words	WNT16	-0.584939273403281	0.01	0.04	0
524	0.00301785678277126	Encoded_Words	ZAR1	-0.691291868567514	0	0	0
525	0.0376833646723111	Encoded_Words	ZNF320	-0.522900259557479	0.02	0.04	0.02
526	0.00839672642408213	Encoded_Words	ZNF597	-0.633684212853555	0	0.02	0
527	0.0402983454264317	Encoded_Words	ZNF696	0.516991782048354	0.04	0.03	0.01
528	0.0269694083364529	Encoded_Words	ZNF720	-0.550965527725818	0	0.01	0
529	0.0115717144654133	Encoded_Words	ZNF862	0.61300454157162	0.01	0.01	0.01
530	0.0341283509598477	Sessions	ABCD4	0.531450724433342	0.03	0.04	0.03
531	0.0122561606665433	Sessions	ACAD10	0.609148198765702	0	0.01	0
532	0.0341283509598477	Sessions	AMER1	0.531450724433342	0.03	0.01	0.03
533	0.000516827392652235	Sessions	ANGPT4	0.767651046403717	0	0	0
534	0.0163770986606718	Sessions	ANKRD30A	-0.588946855439289	0.01	0.02	0.03
535	0.0373476513615438	Sessions	AP4M1	0.523680977000106	0.01	0.03	0.01
536	0.0277889912947762	Sessions	AQP9	-0.548544168786462	0.04	0.03	0.01
537	0.00717409049101335	Sessions	ARIH1	-0.643335087471941	0	0	0.01
538	0.0353897802068713	Sessions	ATG2A	0.528342825460048	0	0.04	0.01
539	0.0329012874471286	Sessions	ATG9B	0.534558623406637	0.03	0.04	0.04
540	0.012830553807112	Sessions	BANP	0.606040299792408	0.02	0.01	0.02
541	0.0210705081930616	Sessions	BMP4	-0.570299461599522	0.02	0	0
542	0.0237757562017489	Sessions	BRAF	-0.560975764679639	0	0.01	0
543	0.00416418144455231	Sessions	C17orf53	0.674414077204885	0	0	0
544	0.0106532230531295	Sessions	C19orf24	0.618471895685586	0	0	0.03
545	0.0228459456432267	Sessions	CASC5	-0.564083663652934	0.03	0.02	0.04
546	0.0400839394803521	Sessions	CCDC24	0.517465179053518	0.02	0.02	0.03
547	0.0233072838575799	Sessions	CCDC93	0.562529714166286	0.02	0.04	0.01
548	0.0119766373274628	Sessions	CCR5	-0.61070214825235	0	0	0.01
549	0.0347547329828606	Sessions	CD14	-0.529896774946695	0.04	0.03	0.03
550	0.0104029434074649	Sessions	CEP72	0.620025845172233	0	0.01	0.01
551	0.0335105603596505	Sessions	CLEC7A	-0.53300467391999	0	0.01	0.03
552	0.0242514342869846	Sessions	COLCA2	-0.559421815192992	0.03	0.02	0.02
553	0.00944778597117306	Sessions	CTDP1	0.626241643118822	0	0.01	0
554	0.000808362646807386	Sessions	CXorf40B	0.750557602050598	0	0	0
555	0.0117021446897783	Sessions	CYP4F11	-0.612256097738997	0.01	0.02	0.02
556	0.0460055292424769	Sessions	DCTN6	-0.50503358316034	0.01	0.03	0.02
557	0.0444675300189691	Sessions	DGCR14	0.508141482133634	0.03	0.01	0
558	0.00814633240387122	Sessions	DPY19L2	0.635565340038705	0	0.04	0
559	0.00521364724778421	Sessions	EGR2	-0.661982481311707	0	0	0
560	0.0341283509598477	Sessions	EIF2B1	0.531450724433342	0.04	0.04	0.03
561	0.0160262792481808	Sessions	EIF4E	-0.590500804925936	0	0.03	0.01
562	0.0153422168402095	Sessions	EMP1	-0.59360870389923	0.01	0.04	0.01
563	0.00265480191433943	Sessions	FAAP20	0.697723319504593	0	0	0
564	0.0215040223627041	Sessions	FAHD2B	0.568745512112875	0.02	0.01	0.02
565	0.0194035365859779	Sessions	FAM109A	0.576515259546111	0.01	0.04	0.01
566	0.0117021446897783	Sessions	FAM166B	0.612256097738997	0.03	0.01	0.01
567	0.0156813410548037	Sessions	FCER1G	-0.592054754412583	0.04	0	0.03
568	0.0182217867119942	Sessions	FHDC1	0.581177108006053	0.02	0.03	0.02
569	0.0206437728790487	Sessions	FHL3	-0.57185341108617	0.01	0.02	0.04
570	0.0156813410548037	Sessions	FZD4	0.592054754412583	0.01	0.02	0.01
571	0.0104029434074649	Sessions	GALR1	-0.620025845172233	0.03	0.02	0
572	0.0163770986606718	Sessions	GATA2	-0.588946855439289	0	0.02	0.01
573	0.0452316435900429	Sessions	GPN2	0.506587532646987	0.04	0.04	0.04
574	0.0178405429902787	Sessions	GRAP2	-0.5827310574927	0.02	0.03	0.01
575	0.0299801113776729	Sessions	GSDMB	0.542328370839873	0.01	0.02	0.01
576	0.0101573207275864	Sessions	GSTO2	0.62157979465888	0.02	0.02	0
577	0.0228459456432267	Sessions	HLA-DRB1	-0.564083663652934	0	0.04	0.02
578	0.0437131149848378	Sessions	HPS4	0.509695431620282	0.03	0.04	0.02
579	0.044467530018969	Sessions	IER3	-0.508141482133634	0.01	0.04	0.04
580	0.0373476513615438	Sessions	IFIT3	-0.523680977000106	0.04	0.03	0.03
581	0.00681205732356063	Sessions	IRGQ	0.646442986445235	0.01	0	0
582	0.0140425250373357	Sessions	ISG15	0.599824501845819	0.02	0	0.02
583	0.0317080000024949	Sessions	ITGAL	-0.537666522379931	0.04	0.03	0.01
584	0.0237757562017489	Sessions	JMY	0.560975764679639	0.03	0.03	0.01
585	0.0267404288402827	Sessions	KCNG4	0.551652067759756	0	0.01	0.01
586	0.0422330860174373	Sessions	LIN7C	-0.512803330593576	0.02	0.03	0.01
587	7.40764451869081e-05	Sessions	LPAR3	-0.828255076382958	0	0	0
588	0.00774564276365988	Sessions	LRRC3	0.638673239011999	0	0.01	0
589	0.0202237459648073	Sessions	MAF	-0.573407360572817	0	0.04	0.02
590	0.00794398437668446	Sessions	MOCS1	0.637119289525352	0	0	0.01
591	0.0262276421167511	Sessions	MRPL52	0.553206017246403	0.01	0.03	0.04
592	0.026227642116751	Sessions	MTRNR2L13	-0.553206017246403	0.01	0.01	0.02
593	0.0262276421167511	Sessions	MVK	0.553206017246403	0.01	0.01	0.03
594	0.0109082210649367	Sessions	NDUFC2-KCTD14	0.616917946198938	0.01	0.01	0.03
595	0.0283249125001429	Sessions	NME1-NME2	0.546990219299814	0.02	0.01	0.01
596	0.0360335664459352	Sessions	NR4A2	-0.526788875973401	0.02	0.04	0.02
597	0.0140425250373357	Sessions	NTN1	-0.599824501845819	0.01	0.01	0
598	0.0329012874471286	Sessions	NTN5	0.534558623406637	0.01	0.04	0.03
599	0.00466530823280768	Sessions	NTSR1	-0.668198279258296	0.01	0.02	0
600	0.0294203994569378	Sessions	OLFML3	-0.54388232032652	0.01	0.03	0
601	0.039386167959255	Sessions	ORAOV1	0.519019128540165	0.04	0.04	0.02
602	0.0146811428152386	Sessions	OXNAD1	0.596716602872525	0.02	0.01	0
603	0.0206437728790486	Sessions	PAK4	0.57185341108617	0.01	0	0
604	0.0182217867119941	Sessions	PDPN	-0.581177108006053	0.01	0.03	0
605	0.0335105603596505	Sessions	PFKFB2	-0.53300467391999	0.02	0.04	0.03
606	0.0335105603596505	Sessions	PLAU	-0.53300467391999	0.03	0.03	0.04
607	0.0237757562017489	Sessions	PLEKHG2	0.560975764679639	0.03	0.02	0.04
608	0.0163770986606718	Sessions	PNPLA3	-0.588946855439289	0.04	0	0.01
609	0.0202237459648073	Sessions	PPIE	0.573407360572817	0	0	0
610	0.0104029434074649	Sessions	PPP1R21	0.620025845172233	0.02	0.01	0
611	0.0182217867119942	Sessions	PRELID3A	0.581177108006053	0.01	0	0
612	0.0366861655427759	Sessions	PSMD11	0.525234926486754	0.03	0.03	0
613	0.0329012874471286	Sessions	RABL2A	0.534558623406637	0.01	0.04	0.03
614	0.00162216786107393	Sessions	RBBP5	0.721032561804301	0	0	0
615	0.0475829105833759	Sessions	RBM5	0.501925684187046	0.01	0.04	0.02
616	0.0106532230531295	Sessions	RP11-108K14.8	0.618471895685586	0.02	0	0.01
617	0.0407909671096404	Sessions	RP11-296A16.1	-0.51591122956687	0.02	0.03	0.03
618	0.0415073246858333	Sessions	RP13-582O9.6	0.514357280080223	0.01	0.03	0.01
619	0.0062964110812797	Sessions	RTP5	0.651104834905177	0	0	0.01
620	0.00774564276365988	Sessions	SGF29	0.638673239011999	0	0	0.01
621	0.0262276421167511	Sessions	SLC15A4	0.553206017246403	0.02	0.03	0.01
622	0.0257224216290952	Sessions	SLC6A2	-0.55475996673305	0.01	0.03	0.04
623	0.0233072838575799	Sessions	SOCS3	-0.562529714166286	0.01	0.03	0.02
624	0.0257224216290952	Sessions	SPI1	-0.55475996673305	0.04	0.03	0.01
625	0.0134258361655262	Sessions	SUSD5	-0.602932400819114	0.01	0	0.03
626	0.00581235786804742	Sessions	TAB3	-0.655766683365118	0	0.01	0
627	0.0190032143009366	Sessions	TCP11	-0.578069209032758	0.02	0.01	0.02
628	0.0242514342869846	Sessions	TFAP4	0.559421815192992	0.02	0.02	0.04
629	0.012830553807112	Sessions	TMEM119	-0.606040299792408	0	0.02	0.04
630	0.0467892604450757	Sessions	TMEM61	0.503479633673693	0.04	0.02	0.03
631	0.0444675300189691	Sessions	TMEM81	0.508141482133634	0.03	0.04	0.01
632	0.0101573207275864	Sessions	TNIP2	0.62157979465888	0	0	0
633	0.042968324875251	Sessions	TOP3B	0.511249381106929	0.03	0.04	0.01
634	0.0156813410548037	Sessions	TPPP2	-0.592054754412583	0.02	0.01	0.01
635	0.0366861655427758	Sessions	TRIB1	-0.525234926486754	0.03	0.02	0.04
636	0.0444675300189691	Sessions	TRIM27	0.508141482133634	0.04	0.04	0.04
637	0.0277889912947762	Sessions	TSPAN14	0.548544168786462	0.03	0.03	0.01
638	0.0257224216290951	Sessions	TSSC1	0.55475996673305	0.01	0.03	0.02
639	0.0219443860515073	Sessions	TXNRD2	-0.567191562626228	0.02	0.03	0.01
640	0.0156813410548037	Sessions	UFSP2	-0.592054754412583	0	0	0
641	0.0237757562017489	Sessions	UGDH	-0.560975764679639	0.02	0.01	0.02
642	0.00146161035828259	Sessions	USP18	0.725694410264242	0.01	0	0
643	0.0143590599684147	Sessions	VPS37C	0.598270552359172	0.02	0.01	0.01
644	0.0277889912947762	Sessions	WEE2	-0.548544168786462	0	0.01	0.01
645	0.0182217867119942	Sessions	XKR9	0.581177108006053	0.03	0.04	0.01
646	0.0257224216290952	Sessions	ZAR1	-0.55475996673305	0.02	0.01	0.02
647	0.0373476513615438	Sessions	ZNF541	0.523680977000106	0.03	0.02	0.01
648	0.0460055292424769	Sessions	ZNF597	-0.50503358316034	0.03	0.04	0.04
649	0.0223916701247086	Sessions	ZNF843	0.565637613139581	0.02	0.03	0.01
